8
14
1 9 7 2 1 3 2 4 2 1 2 3 1 3
9
1 2 2 2 2 3 3 3 1
200
6 1 1 6 6 6 4 2 3 3 6 5 1 2 3 5 2 2 2 3 5 1 3 2 1 1 6 4 1 4 4 6 6 2 5 2 6 6 1 6 6 3 4 6 5 3 2 1 3 2 4 2 5 3 4 2 5 2 5 4 1 3 4 2 6 3 4 4 2 5 1 2 2 4 1 4 3 3 6 2 5 2 6 1 1 4 5 6 6 3 3 1 5 2 4 1 1 5 2 4 6 6 2 2 6 1 5 4 5 6 3 4 6 2 3 5 1 2 4 3 5 3 5 4 6 5 6 5 4 1 6 4 6 1 3 1 5 2 3 6 6 2 5 4 2 4 3 1 2 3 4 4 5 1 3 5 6 6 5 6 4 2 3 2 4 6 1 3 5 5 6 6 5 2 2 5 3 6 4 3 2 2 2 5 6 3 4 2 5 4 5 1 5 5 5 1 2 3 1 5
20
1 2 3 4 5 6 7 8 9 10 11 12 13 14 15 16 17 18 19 20
17
1 2 3 4 3 2 1 5 2 7 1 2 5 2 3 4 2
9
1 2 2 2 2 3 3 3 1
20
1 2 3 4 5 1 2 3 4 5 1 2 3 4 5 1 2 3 4 5
22
1 2 1 2 1 2 1 2 1 2 1 2 1 2 1 2 1 2 1 2 1 2